0.000000 2.000000 0.000000
0.000000 2.000000 0.000000
0.000000 2.000000 0.000000
0.000000 2.000000 0.000000
0.000000 2.000000 0.000000
0.000000 2.000000 0.000000
0.000000 2.000000 0.000000
0.000000 2.000000 0.000000
0.000000 2.000000 0.000000
0.000000 2.000000 0.000000
0.000000 2.000000 0.000000
0.000000 2.000000 0.000000
0.000000 2.000000 0.000000
0.000000 2.000000 0.000000
0.000000 2.000000 0.000000
0.000000 2.000000 0.000000
0.000000 2.000000 0.000000
0.000000 2.000000 0.000000
0.000000 2.000000 0.000000
0.000000 2.000000 0.000000
0.000000 2.000000 0.000000
0.000000 2.000000 0.000000
0.000000 2.000000 0.000000
0.000000 2.000000 0.000000
0.000000 2.000000 0.000000
0.000000 2.000000 0.000000
0.000000 2.000000 0.000000
0.000000 2.000000 0.000000
0.000000 2.000000 0.000000
0.000000 2.000000 0.000000
0.000000 2.000000 0.000000
0.000000 2.000000 0.000000
-0.000001 2.000000 -0.000005
-0.000011 2.000000 -0.000055
-0.000038 2.000000 -0.000203
-0.000076 2.000000 -0.000483
-0.000143 2.000000 -0.000931
-0.000257 2.000000 -0.001537
-0.000434 2.000000 -0.002300
-0.000702 2.000000 -0.003245
-0.001071 2.000000 -0.004402
-0.001538 2.000000 -0.005822
-0.002095 2.000000 -0.007570
-0.002670 2.000000 -0.009717
-0.003312 2.000000 -0.012271
-0.004159 2.000000 -0.015216
-0.005349 2.000000 -0.018541
-0.006981 2.000000 -0.022213
-0.009136 2.000000 -0.026216
-0.011879 2.000000 -0.030544
-0.015265 2.000000 -0.035202
-0.019339 2.000000 -0.040186
-0.024109 2.000000 -0.045462
-0.029653 2.000000 -0.051001
-0.036049 2.000000 -0.056793
-0.043260 2.000000 -0.062844
-0.051287 2.000000 -0.069167
-0.060081 2.000000 -0.075767
-0.069536 2.000000 -0.082655
-0.079567 2.000000 -0.089838
-0.090116 2.000000 -0.097315
-0.101133 2.000000 -0.105088
-0.112587 2.000000 -0.113142
-0.124376 2.000000 -0.121457
-0.136453 2.000000 -0.130023
-0.148773 2.000000 -0.138833
-0.161314 2.000000 -0.147879
-0.174050 2.000000 -0.157137
-0.187017 2.000000 -0.166592
-0.200231 2.000000 -0.176226
-0.213695 2.000000 -0.186016
-0.227423 2.000000 -0.195940
-0.241436 2.000000 -0.205965
-0.255742 2.000000 -0.216077
-0.270367 2.000000 -0.226253
-0.285318 2.000000 -0.236474
-0.300613 2.000000 -0.246739
-0.316238 2.000000 -0.257043
-0.332210 2.000000 -0.267403
-0.348536 2.000000 -0.277816
-0.365191 2.000000 -0.288274
-0.382177 2.000000 -0.298779
-0.399496 2.000000 -0.309338
-0.417181 2.000000 -0.319963
-0.435192 2.000000 -0.330632
-0.453509 2.000000 -0.341327
-0.472187 2.000000 -0.352058
-0.491273 2.000000 -0.362830
-0.510798 2.000000 -0.373647
-0.530810 2.000000 -0.384525
-0.551380 2.000000 -0.395484
-0.572608 2.000000 -0.406543
-0.594563 2.000000 -0.417709
-0.617265 2.000000 -0.428979
-0.640744 2.000000 -0.440357
-0.664886 2.000000 -0.451846
-0.689640 2.000000 -0.463442
-0.715003 2.000000 -0.475149
-0.741012 2.000000 -0.487060
-0.767821 2.000000 -0.499409
-0.795577 2.000000 -0.512434
-0.824214 2.000000 -0.526053
-0.853611 2.000000 -0.540094
-0.883755 2.000000 -0.554592
-0.914486 2.000000 -0.569516
-0.945733 2.000000 -0.584821
-0.977458 2.000000 -0.600449
-1.009564 2.000000 -0.616296
-1.041996 2.000000 -0.632319
-1.074682 2.000000 -0.648461
-1.107591 2.000000 -0.664692
-1.140728 2.000000 -0.681000
-1.174068 2.000000 -0.697367
-1.207668 2.000000 -0.713808
-1.241588 2.000000 -0.730326
-1.275784 2.000000 -0.746929
-1.310186 2.000000 -0.763623
-1.344816 2.000000 -0.780420
-1.379691 2.000000 -0.797322
-1.414791 2.000000 -0.814311
